[gd_scene load_steps=8 format=2]

[ext_resource path="res://Player/Player.tscn" type="PackedScene" id=1]

[sub_resource type="BoxShape" id=1]

[sub_resource type="CubeMesh" id=2]

[sub_resource type="SpatialMaterial" id=5]
albedo_color = Color( 0.894118, 0.643137, 0.643137, 1 )

[sub_resource type="BoxShape" id=3]
extents = Vector3( 15, 1, 15 )

[sub_resource type="SpatialMaterial" id=6]
albedo_color = Color( 0.509804, 0.796078, 0.776471, 1 )

[sub_resource type="CubeMesh" id=4]
material = SubResource( 6 )
size = Vector3( 30, 2, 30 )

[node name="Level" type="Spatial"]

[node name="Box" type="RigidBody" parent="."]
transform = Transform( 1, 0, 0, 0, 1, 0, 0, 0, 1, 5, 1, 5 )

[node name="CollisionShape" type="CollisionShape" parent="Box"]
shape = SubResource( 1 )

[node name="MeshInstance" type="MeshInstance" parent="Box"]
mesh = SubResource( 2 )
material/0 = SubResource( 5 )

[node name="InterpolatedCamera" type="InterpolatedCamera" parent="."]
transform = Transform( 1, 0, 0, 0, 0.866025, 0.5, 0, -0.5, 0.866025, 0, 7, 11 )
target = NodePath("../Player/Camera Target")
speed = 3.0
enabled = true

[node name="Floor" type="StaticBody" parent="."]
transform = Transform( 1, 0, 0, 0, 1, 0, 0, 0, 1, 0, -1, 0 )

[node name="CollisionShape" type="CollisionShape" parent="Floor"]
shape = SubResource( 3 )

[node name="MeshInstance" type="MeshInstance" parent="Floor"]
mesh = SubResource( 4 )
material/0 = null

[node name="Player" parent="." instance=ExtResource( 1 )]
transform = Transform( 1, 0, 0, 0, 1, 0, 0, 0, 1, 0, 1, 0 )

[node name="Camera Target" type="Spatial" parent="Player"]
transform = Transform( 1, 0, 0, 0, 0.939693, 0.34202, 0, -0.34202, 0.939693, 0, 6, 11 )

[node name="DirectionalLight" type="DirectionalLight" parent="."]
transform = Transform( 0.841506, 0.374331, 0.389543, -0.408494, -0.0309988, 0.912234, 0.353553, -0.926777, 0.126826, 0, 10, 0 )
light_color = Color( 1, 0.976471, 0.831373, 1 )
shadow_enabled = true
